0,data9-frame107.jpg,36,34,709,346,725,360
1,data9-frame34.jpg,32,31,546,188,558,199
2,data9-frame114.jpg,30,30,838,386,848,396
3,data9-frame33.jpg,27,28,552,184,559,192
4,data9-frame115.jpg,36,40,849,383,865,403
5,data9-frame79.jpg,36,26,420,237,436,243
6,data9-frame74.jpg,33,32,427,283,440,295
7,data9-frame22.jpg,34,35,583,160,597,175
8,data9-frame109.jpg,33,28,755,384,768,392
9,data9-frame110.jpg,33,35,775,400,788,415
10,data9-frame1.jpg,34,38,684,239,698,257
11,data9-frame50.jpg,37,33,483,390,500,403
12,data9-frame14.jpg,33,28,624,248,637,256
13,data9-frame60.jpg,31,30,447,401,458,411
14,data9-frame41.jpg,34,33,521,262,535,275
15,data9-frame36.jpg,32,31,539,206,551,217
16,data9-frame85.jpg,34,30,416,211,430,221
17,data9-frame61.jpg,35,33,443,405,458,418
18,data9-frame5.jpg,36,35,677,279,693,294
19,data9-frame59.jpg,34,33,452,393,466,406
20,data9-frame70.jpg,35,33,428,350,443,363
21,data9-frame56.jpg,31,31,463,381,474,392
22,data9-frame0.jpg,35,33,682,237,697,250
23,data9-frame100.jpg,39,38,565,258,584,276
24,data9-frame17.jpg,33,28,604,259,617,267
25,data3-frame217.jpg,33,33,648,153,661,166
26,data3-frame157.jpg,34,36,515,297,529,313
28,data3-frame70.jpg,33,34,494,195,507,209
30,data3-frame161.jpg,40,35,444,356,464,371
32,data3-frame134.jpg,34,36,907,253,921,269
33,data3-frame44.jpg,28,30,473,98,481,108
34,data3-frame140.jpg,38,34,811,221,829,235
35,data3-frame68.jpg,39,31,487,172,506,183
36,data3-frame106.jpg,37,30,631,257,648,267
37,data3-frame77.jpg,32,30,504,318,516,328
38,data3-frame199.jpg,35,30,506,195,521,205
39,data3-frame87.jpg,36,30,506,268,522,278
40,data3-frame125.jpg,34,40,853,235,867,255
41,data3-frame172.jpg,42,35,347,319,369,334
42,data3-frame132.jpg,37,35,895,246,912,261
43,data3-frame221.jpg,31,27,672,158,683,165
45,data3-frame168.jpg,39,35,385,324,404,339
46,data3-frame96.jpg,31,30,508,278,519,288
47,data3-frame173.jpg,34,36,343,320,357,336
48,data3-frame82.jpg,35,36,504,293,519,309
49,data3-frame215.jpg,32,34,639,152,651,166
52,data3-frame108.jpg,36,37,669,252,685,269
53,data3-frame55.jpg,35,29,477,79,492,88
54,data3-frame171.jpg,34,36,359,321,373,337
55,data3-frame41.jpg,31,30,473,121,484,131
56,data3-frame139.jpg,39,31,826,227,845,238
58,data3-frame229.jpg,31,38,702,152,713,170
59,data3-frame210.jpg,33,28,602,177,615,185
60,data3-frame214.jpg,32,30,635,158,647,168
61,data3-frame205.jpg,39,32,552,216,571,228
62,data3-frame67.jpg,39,37,489,159,508,176
63,data3-frame176.jpg,32,31,319,335,331,346
65,data3-frame117.jpg,35,32,801,283,816,295
66,data3-frame20.jpg,38,40,703,308,721,328
67,data3-frame74.jpg,43,38,503,263,526,281
68,data3-frame35.jpg,37,32,507,189,524,201
69,data3-frame141.jpg,33,33,793,221,806,234
71,data3-frame63.jpg,30,30,485,119,495,129
72,data3-frame91.jpg,31,29,510,264,521,273
73,data3-frame151.jpg,35,33,619,243,634,256
74,data3-frame209.jpg,32,32,591,181,603,193
75,data7-frame63.jpg,31,32,816,254,827,266
76,data7-frame102.jpg,41,29,484,282,505,291
77,data7-frame22.jpg,34,30,695,114,709,124
78,data7-frame157.jpg,38,30,410,246,428,256
79,data7-frame109.jpg,34,32,414,328,428,340
80,data7-frame76.jpg,29,35,798,148,807,163
81,data7-frame41.jpg,35,38,784,341,799,359
82,data7-frame34.jpg,30,29,744,188,754,197
83,data7-frame162.jpg,35,31,392,345,407,356
84,data7-frame43.jpg,31,35,798,405,809,420
85,data7-frame114.jpg,41,33,426,255,447,268
88,data7-frame132.jpg,34,33,459,211,473,224
89,data7-frame60.jpg,34,34,821,273,835,287
90,data7-frame112.jpg,35,29,421,278,436,287
91,data7-frame104.jpg,33,28,450,325,463,333
92,data7-frame19.jpg,31,28,693,148,704,156
93,data7-frame53.jpg,32,36,847,420,859,436
94,data7-frame2.jpg,37,29,552,278,569,287
96,data7-frame111.jpg,38,29,419,297,437,306
97,data7-frame70.jpg,28,28,806,214,814,222
98,data7-frame99.jpg,36,33,539,228,555,241
99,data7-frame118.jpg,36,31,438,217,454,228
100,data7-frame31.jpg,34,27,728,146,742,153
101,data7-frame28.jpg,31,31,715,116,726,127
102,data7-frame78.jpg,30,30,794,139,804,149
103,data7-frame98.jpg,37,33,555,213,572,226
104,data7-frame158.jpg,32,32,407,258,419,270
105,data7-frame150.jpg,35,28,446,193,461,201
106,data7-frame168.jpg,41,34,370,482,391,496
107,data7-frame29.jpg,30,28,718,128,728,136
108,data7-frame156.jpg,34,31,414,230,428,241
109,data7-frame77.jpg,30,31,795,139,805,150
111,data13-frame73.jpg,34,32,546,320,560,332
112,data13-frame50.jpg,33,27,645,240,658,247
114,data13-frame30.jpg,39,34,810,266,829,280
115,data13-frame71.jpg,34,34,558,275,572,289
116,data13-frame97.jpg,34,33,559,253,573,266
117,data13-frame77.jpg,31,31,514,433,525,444
118,data13-frame96.jpg,44,31,543,273,567,284
119,data13-frame17.jpg,32,36,855,395,867,411
120,data13-frame79.jpg,35,34,503,428,518,442
121,data13-frame45.jpg,34,35,667,240,681,255
122,data13-frame98.jpg,37,32,568,235,585,247
125,data13-frame38.jpg,32,35,718,224,730,239
128,data13-frame60.jpg,33,31,609,171,622,182
129,data13-frame25.jpg,38,37,900,350,918,367
130,data13-frame62.jpg,32,31,601,168,613,179
131,data13-frame57.jpg,31,31,617,180,628,191
132,data13-frame82.jpg,35,33,489,431,504,444
134,data4-frame140.jpg,32,30,472,281,484,291
135,data4-frame69.jpg,32,32,795,153,807,165
136,data4-frame81.jpg,38,35,624,294,642,309
137,data4-frame173.jpg,34,33,731,259,745,272
139,data4-frame203.jpg,34,34,772,234,786,248
140,data4-frame232.jpg,33,33,717,222,730,235
141,data4-frame263.jpg,35,31,550,127,565,138
142,data4-frame328.jpg,33,31,582,244,595,255
143,data4-frame184.jpg,33,32,802,219,815,231
144,data4-frame55.jpg,36,32,644,260,660,272
146,data4-frame320.jpg,31,33,566,262,577,275
147,data4-frame189.jpg,32,34,797,193,809,207
148,data4-frame199.jpg,35,28,780,209,795,217
149,data4-frame200.jpg,32,33,779,211,791,224
150,data4-frame43.jpg,33,34,528,266,541,280
151,data4-frame343.jpg,35,34,595,211,610,225
152,data4-frame188.jpg,29,32,797,196,806,208
153,data4-frame191.jpg,28,32,795,189,803,201
154,data4-frame333.jpg,31,31,588,210,599,221
155,data4-frame174.jpg,27,30,742,257,749,267
156,data4-frame239.jpg,32,34,672,113,684,127
157,data4-frame150.jpg,34,40,452,462,466,482
158,data4-frame234.jpg,32,35,704,182,716,197
159,data4-frame83.jpg,35,33,583,349,598,362
160,data4-frame224.jpg,35,35,746,293,761,308
161,data4-frame305.jpg,32,33,482,171,494,184
162,data4-frame352.jpg,30,31,597,190,607,201
163,data4-frame336.jpg,35,33,587,202,602,215
164,data4-frame102.jpg,33,40,482,264,495,284
165,data4-frame201.jpg,30,36,777,216,787,232
166,data4-frame38.jpg,37,35,543,276,560,291
167,data4-frame36.jpg,33,35,553,298,566,313
168,data4-frame236.jpg,29,28,691,152,700,160
169,data4-frame323.jpg,31,31,577,272,588,283
170,data4-frame204.jpg,35,31,769,246,784,257
171,data4-frame208.jpg,29,35,761,293,770,308
172,data4-frame120.jpg,31,32,503,209,514,221
173,data4-frame238.jpg,30,33,678,124,688,137
174,data4-frame308.jpg,33,33,501,187,514,200
175,data4-frame97.jpg,39,39,456,348,475,367
176,data4-frame243.jpg,35,31,647,80,662,91
177,data4-frame233.jpg,35,38,709,200,724,218
178,data4-frame68.jpg,30,38,790,166,800,184
179,data4-frame72.jpg,32,32,789,137,801,149
180,data4-frame319.jpg,35,35,565,261,580,276
181,data4-frame103.jpg,34,34,482,252,496,266
182,data4-frame206.jpg,36,36,760,265,776,281
183,data4-frame307.jpg,31,33,495,182,506,195
184,data4-frame259.jpg,38,40,565,90,583,110
185,data4-frame77.jpg,36,33,698,211,714,224
186,data4-frame112.jpg,32,30,502,218,514,228
187,data4-frame331.jpg,33,29,587,222,600,231
188,data4-frame52.jpg,41,36,527,310,548,326
189,data4-frame117.jpg,37,31,503,225,520,236
190,data4-frame302.jpg,31,32,460,161,471,173
191,data4-frame198.jpg,34,34,780,198,794,212
192,data4-frame105.jpg,34,32,488,237,502,249
193,data4-frame115.jpg,37,35,501,225,518,240
194,data4-frame205.jpg,34,35,768,255,782,270
195,data4-frame337.jpg,34,28,590,198,604,206
196,data4-frame42.jpg,32,34,534,266,546,280
197,data4-frame193.jpg,31,34,791,185,802,199
199,data4-frame285.jpg,35,31,482,94,497,105
201,data4-frame311.jpg,38,32,521,219,539,231
202,data4-frame160.jpg,37,32,497,452,514,464
204,data4-frame273.jpg,35,37,512,161,527,178
205,data4-frame32.jpg,39,39,559,344,578,363
206,data2-frame312.jpg,41,43,913,446,934,469
207,data2-frame337.jpg,36,28,566,184,582,192
208,data2-frame286.jpg,32,35,474,153,486,168
209,data2-frame85.jpg,36,36,482,264,498,280
210,data2-frame384.jpg,28,33,386,326,394,339
211,data2-frame333.jpg,33,27,570,227,583,234
212,data2-frame411.jpg,34,33,717,296,731,309
213,data2-frame260.jpg,30,32,375,65,385,77
214,data2-frame354.jpg,33,35,554,147,567,162
215,data2-frame9.jpg,35,39,541,296,556,315
216,data2-frame119.jpg,32,34,459,86,471,100
217,data2-frame176.jpg,39,39,457,417,476,436
218,data2-frame137.jpg,34,43,465,322,479,345
220,data2-frame127.jpg,35,37,460,148,475,165
221,data2-frame334.jpg,35,31,566,212,581,223
222,data2-frame102.jpg,36,36,459,144,475,160
223,data2-frame252.jpg,31,33,391,166,402,179
225,data2-frame403.jpg,38,36,626,262,644,278
226,data2-frame115.jpg,28,33,461,84,469,97
227,data2-frame279.jpg,30,32,340,29,350,41
228,data2-frame35.jpg,34,33,564,75,578,88
229,data2-frame116.jpg,29,32,459,83,468,95
230,data2-frame344.jpg,31,35,570,141,581,156
231,data2-frame76.jpg,37,38,485,347,502,365
233,data2-frame402.jpg,39,36,609,264,628,280
235,data2-frame393.jpg,40,35,412,328,432,343
236,data2-frame249.jpg,34,39,397,192,411,211
237,data2-frame377.jpg,35,39,414,327,429,346
238,data2-frame385.jpg,35,31,377,325,392,336
239,data2-frame158.jpg,33,33,464,427,477,440
241,data2-frame407.jpg,34,33,699,270,713,283
242,data2-frame278.jpg,35,34,341,25,356,39
244,data2-frame270.jpg,31,30,353,12,364,22
245,data2-frame314.jpg,44,38,835,382,859,400
246,data2-frame14.jpg,40,39,573,268,593,287
247,data2-frame410.jpg,36,37,715,284,731,301
248,data2-frame55.jpg,35,36,521,42,536,58
250,data2-frame150.jpg,40,41,466,469,486,490
251,data2-frame22.jpg,35,32,595,237,610,249
252,data2-frame153.jpg,32,37,465,447,477,464
253,data2-frame113.jpg,37,33,458,83,475,96
254,data2-frame66.jpg,32,33,503,162,515,175
255,data2-frame114.jpg,36,35,458,83,474,98
257,data2-frame73.jpg,35,32,491,292,506,304
258,data2-frame347.jpg,30,31,567,138,577,149
260,data2-frame175.jpg,33,44,460,496,473,520
262,data2-frame261.jpg,37,45,371,51,388,76
263,data2-frame166.jpg,39,43,458,473,477,496
264,data2-frame395.jpg,42,42,460,303,482,325
265,data2-frame87.jpg,39,37,479,258,498,275
266,data2-frame6.jpg,42,46,539,274,561,300
267,data2-frame1.jpg,82,92,650,529,712,601
269,data2-frame88.jpg,39,40,479,247,498,267
270,data2-frame143.jpg,45,47,462,492,487,519
271,data2-frame10.jpg,45,41,530,302,555,323
272,data2-frame363.jpg,36,42,511,204,527,226
273,data2-frame181.jpg,44,45,446,134,470,159
274,data2-frame178.jpg,43,45,454,298,477,323
275,data2-frame120.jpg,41,37,455,93,476,110
276,data2-frame36.jpg,39,40,562,65,581,85
303,data2-frame345.jpg,33,29,570,143,583,152
304,data2-frame317.jpg,37,43,752,310,769,333
305,data2-frame376.jpg,34,35,420,333,434,348
306,data2-frame293.jpg,35,39,690,381,705,400
308,data2-frame172.jpg,46,48,454,567,480,595
309,data2-frame165.jpg,34,36,460,461,474,477
311,data2-frame56.jpg,38,39,519,43,537,62
314,data2-frame186.jpg,34,41,546,233,560,254
319,data2-frame321.jpg,44,45,672,256,696,281
322,data2-frame409.jpg,34,36,711,281,725,297
323,data2-frame136.jpg,46,44,459,302,485,326
324,data2-frame151.jpg,36,38,464,460,480,478
326,data11-frame18.jpg,41,40,558,266,579,286
327,data11-frame26.jpg,36,36,411,230,427,246
328,data11-frame175.jpg,39,41,596,289,615,310
329,data11-frame85.jpg,32,32,565,219,577,231
330,data11-frame176.jpg,35,36,581,321,596,337
331,data11-frame160.jpg,38,37,774,213,792,230
332,data11-frame193.jpg,38,37,428,408,446,425
333,data11-frame72.jpg,32,39,598,186,610,205
334,data11-frame153.jpg,36,36,748,248,764,264
335,data11-frame45.jpg,37,40,504,288,521,308
336,data11-frame56.jpg,28,30,644,509,652,519
337,data11-frame4.jpg,32,40,750,292,762,312
338,data11-frame184.jpg,31,40,414,499,425,519
339,data11-frame24.jpg,32,31,434,272,446,283
340,data11-frame144.jpg,35,38,688,228,703,246
341,data11-frame173.jpg,31,36,644,256,655,272
342,data11-frame170.jpg,32,34,708,218,720,232
343,data11-frame132.jpg,37,39,581,300,598,319
344,data11-frame145.jpg,30,37,697,224,707,241
345,data11-frame236.jpg,33,40,750,365,763,385
346,data11-frame210.jpg,29,34,679,260,688,274
347,data11-frame62.jpg,36,35,625,326,641,341
348,data11-frame183.jpg,35,39,429,504,444,523
349,data11-frame122.jpg,38,38,436,507,454,525
350,data11-frame59.jpg,36,37,638,420,654,437
351,data11-frame181.jpg,37,45,468,459,485,484
352,data11-frame70.jpg,34,32,598,200,612,212
353,data11-frame203.jpg,37,32,607,274,624,286
354,data11-frame120.jpg,36,39,448,482,464,501
355,data11-frame198.jpg,33,35,534,314,547,329
356,data11-frame20.jpg,36,36,514,263,530,279
357,data11-frame137.jpg,34,37,630,249,644,266
358,data11-frame2.jpg,35,36,755,304,770,320
359,data11-frame63.jpg,34,37,623,300,637,317
360,data11-frame77.jpg,36,28,584,181,600,189
361,data11-frame10.jpg,38,41,726,283,744,304
362,data11-frame105.jpg,35,34,527,232,542,246
363,data11-frame231.jpg,32,43,731,307,743,330
364,data11-frame17.jpg,37,39,584,264,601,283
365,data11-frame87.jpg,34,34,562,238,576,252
366,data11-frame76.jpg,34,35,589,177,603,192
367,data11-frame114.jpg,36,38,478,436,494,454
368,data11-frame82.jpg,33,31,569,198,582,209
369,data11-frame25.jpg,34,33,419,251,433,264
371,data11-frame196.jpg,49,43,491,344,520,367
372,data11-frame239.jpg,40,36,765,346,785,362
373,data11-frame50.jpg,40,37,564,402,584,419
374,data11-frame96.jpg,31,37,550,144,561,161
375,data6-frame104.jpg,37,42,555,201,572,223
376,data6-frame130.jpg,36,40,796,296,812,316
377,data6-frame112.jpg,37,37,733,395,750,412
378,data6-frame131.jpg,30,31,784,285,794,296
379,data6-frame150.jpg,37,32,677,190,694,202
380,data6-frame132.jpg,41,48,772,278,793,306
381,data6-frame42.jpg,31,38,725,289,736,307
382,data6-frame17.jpg,28,30,669,250,677,260
383,data6-frame154.jpg,38,48,666,208,684,236
384,data6-frame110.jpg,33,39,688,328,701,347
385,data6-frame169.jpg,36,34,613,235,629,249
386,data6-frame114.jpg,36,37,785,463,801,480
387,data6-frame9.jpg,34,37,571,261,585,278
388,data6-frame2.jpg,33,39,541,252,554,271
389,data6-frame174.jpg,33,34,601,219,614,233
390,data6-frame15.jpg,29,32,657,248,666,260
391,data6-frame61.jpg,32,36,648,285,660,301
392,data6-frame135.jpg,33,34,742,256,755,270
393,data6-frame149.jpg,28,32,687,184,695,196
394,data6-frame142.jpg,33,35,712,197,725,212
395,data6-frame67.jpg,40,40,572,223,592,243
396,data6-frame78.jpg,38,33,478,264,496,277
397,data6-frame120.jpg,39,33,916,498,935,511
398,data6-frame18.jpg,42,40,672,251,694,271
399,data6-frame134.jpg,39,41,743,266,762,287
400,data6-frame164.jpg,40,38,626,282,646,300
401,data6-frame101.jpg,30,31,501,170,511,181
402,data6-frame108.jpg,34,34,644,287,658,301
403,data6-frame89.jpg,40,42,434,144,454,166
404,data6-frame47.jpg,35,38,742,435,757,453
405,data6-frame183.jpg,37,33,577,249,594,262
406,data6-frame30.jpg,36,37,692,118,708,135
407,data6-frame55.jpg,40,38,741,432,761,450
408,data6-frame38.jpg,44,37,711,209,735,226
409,data6-frame152.jpg,38,39,674,196,692,215
410,data6-frame69.jpg,38,38,553,220,571,238
411,data6-frame51.jpg,36,34,748,477,764,491
412,data6-frame21.jpg,37,37,686,195,703,212
413,data6-frame156.jpg,36,34,654,231,670,245
414,data1-frame63.jpg,34,32,423,76,437,88
415,data1-frame152.jpg,40,38,884,249,904,267
416,data1-frame190.jpg,41,38,925,584,946,602
417,data1-frame92.jpg,47,41,387,258,414,279
419,data1-frame100.jpg,39,37,380,288,399,305
420,data1-frame181.jpg,47,55,931,531,958,566
421,data1-frame189.jpg,35,41,932,572,947,593
422,data1-frame115.jpg,46,44,356,257,382,281
423,data1-frame18.jpg,39,40,775,297,794,317
425,data1-frame13.jpg,37,44,792,370,809,394
427,data1-frame66.jpg,45,41,418,60,443,81
431,data1-frame64.jpg,39,38,422,71,441,89
433,data1-frame135.jpg,35,35,679,262,694,277
434,data1-frame143.jpg,38,41,810,275,828,296
436,data1-frame87.jpg,39,35,394,182,413,197
437,data1-frame44.jpg,34,43,533,247,547,270
440,data1-frame51.jpg,45,37,464,180,489,197
441,data1-frame70.jpg,35,30,414,60,429,70
442,data1-frame145.jpg,32,36,826,261,838,277
443,data1-frame25.jpg,31,44,755,257,766,281
444,data1-frame24.jpg,39,44,755,258,774,282
445,data1-frame141.jpg,32,39,790,294,802,313
446,data1-frame185.jpg,36,35,933,546,949,561
447,data1-frame140.jpg,34,41,775,293,789,314
448,data1-frame97.jpg,36,33,384,319,400,332
449,data1-frame31.jpg,39,43,730,282,749,305
450,data1-frame22.jpg,32,41,763,263,775,284
451,data1-frame74.jpg,33,34,412,64,425,78
452,data1-frame109.jpg,37,32,366,248,383,260
453,data1-frame113.jpg,33,38,362,250,375,268
454,data1-frame148.jpg,31,36,850,253,861,269
455,data1-frame41.jpg,38,37,577,249,595,266
457,data1-frame101.jpg,35,37,380,278,395,295
461,data1-frame42.jpg,38,40,563,246,581,266
462,data1-frame147.jpg,39,35,794,231,813,246
463,data1-frame33.jpg,41,48,724,293,745,321
464,data5-frame133.jpg,37,41,569,254,586,275
465,data5-frame186.jpg,38,38,798,240,816,258
466,data5-frame69.jpg,46,49,562,499,588,528
467,data5-frame205.jpg,36,39,896,216,912,235
468,data5-frame7.jpg,37,39,568,260,585,279
469,data5-frame215.jpg,40,36,934,242,954,258
470,data5-frame134.jpg,27,33,559,266,566,279
471,data5-frame170.jpg,37,36,681,232,698,248
472,data5-frame160.jpg,38,39,531,341,549,360
473,data5-frame48.jpg,36,33,584,122,600,135
474,data5-frame77.jpg,37,46,569,449,586,475
475,data5-frame179.jpg,33,34,749,203,762,217
476,data5-frame22.jpg,37,36,657,106,674,122
477,data5-frame28.jpg,39,40,642,63,661,83
478,data5-frame99.jpg,35,38,730,158,745,176
479,data5-frame136.jpg,44,42,535,306,559,328
480,data5-frame72.jpg,41,42,558,473,579,495
481,data5-frame180.jpg,43,42,753,199,776,221
482,data5-frame4.jpg,36,37,567,233,583,250
483,data5-frame182.jpg,37,37,771,212,788,229
484,data5-frame13.jpg,36,40,630,251,646,271
485,data5-frame183.jpg,33,37,778,219,791,236
486,data5-frame67.jpg,40,43,558,526,578,549
487,data5-frame164.jpg,37,41,607,284,624,305
488,data5-frame65.jpg,44,47,555,488,579,515
489,data5-frame141.jpg,38,38,482,401,500,419
491,data5-frame92.jpg,35,36,684,212,699,228
492,data5-frame98.jpg,38,41,727,161,745,182
493,data5-frame97.jpg,35,41,721,164,736,185
494,data5-frame119.jpg,37,38,725,121,742,139
495,data5-frame23.jpg,34,35,660,93,674,108
496,data5-frame151.jpg,37,37,406,450,423,467
497,data5-frame85.jpg,46,41,598,412,624,433
498,data5-frame207.jpg,29,36,905,225,914,241
499,data5-frame129.jpg,44,41,614,203,638,224
500,data5-frame173.jpg,47,34,702,215,729,229
501,data5-frame104.jpg,38,36,747,168,765,184
502,data5-frame210.jpg,36,35,919,246,935,261
503,data5-frame189.jpg,32,34,817,272,829,286
504,data5-frame154.jpg,39,32,380,483,399,495
505,data5-frame107.jpg,36,33,759,183,775,196
506,data5-frame19.jpg,41,38,655,157,676,175
507,data5-frame95.jpg,45,42,705,177,730,199
508,data10-frame20.jpg,31,37,652,277,663,294
509,data10-frame116.jpg,31,38,902,443,913,461
510,data10-frame104.jpg,36,42,814,292,830,314
511,data10-frame68.jpg,39,38,755,291,774,309
512,data10-frame19.jpg,40,42,626,282,646,304
513,data10-frame106.jpg,38,44,828,333,846,357
514,data10-frame91.jpg,32,33,744,171,756,184
515,data10-frame28.jpg,33,36,763,273,776,289
517,data10-frame114.jpg,28,31,887,439,895,450
518,data10-frame120.jpg,45,41,926,475,951,496
519,data10-frame61.jpg,50,41,739,493,769,514
520,data10-frame69.jpg,34,34,757,279,771,293
522,data10-frame47.jpg,42,42,758,302,780,324
523,data10-frame99.jpg,31,37,784,217,795,234
524,data10-frame89.jpg,35,36,743,186,758,202
525,data10-frame98.jpg,31,30,776,214,787,224
527,data10-frame64.jpg,37,40,747,376,764,396
528,data10-frame117.jpg,35,42,908,449,923,471
529,data10-frame54.jpg,45,42,739,472,764,494
531,data10-frame93.jpg,31,35,749,173,760,188
532,data10-frame8.jpg,39,44,535,251,554,275
533,data12-frame143.jpg,35,38,431,369,446,387
534,data12-frame31.jpg,32,33,667,137,679,150
535,data12-frame67.jpg,34,38,405,307,419,325
536,data12-frame46.jpg,55,45,517,336,552,361
537,data12-frame0.jpg,36,35,531,241,547,256
538,data12-frame117.jpg,32,37,410,277,422,294
539,data12-frame151.jpg,38,39,556,287,574,306
540,data12-frame18.jpg,39,41,637,279,656,300
541,data12-frame19.jpg,31,33,647,285,658,298
542,data12-frame98.jpg,38,37,429,287,447,304
543,data12-frame88.jpg,30,34,430,244,440,258
544,data12-frame101.jpg,37,35,428,268,445,283
545,data12-frame3.jpg,37,39,532,239,549,258
546,data12-frame85.jpg,38,36,423,231,441,247
547,data12-frame114.jpg,38,36,409,258,427,274
548,data12-frame9.jpg,37,34,519,279,536,293
549,data12-frame83.jpg,34,32,426,226,440,238
550,data12-frame70.jpg,41,38,407,271,428,289
551,data12-frame5.jpg,43,33,525,252,548,265
552,data12-frame134.jpg,39,40,398,292,417,312
553,data12-frame109.jpg,37,36,417,240,434,256
554,data12-frame124.jpg,36,34,405,261,421,275
555,data12-frame40.jpg,35,36,591,222,606,238
556,data12-frame133.jpg,39,41,402,282,421,303
558,data12-frame126.jpg,35,31,402,260,417,271
559,data12-frame163.jpg,38,39,701,293,719,312
560,data12-frame130.jpg,37,37,408,267,425,284
561,data12-frame136.jpg,37,37,400,314,417,331
562,data12-frame166.jpg,40,37,719,269,739,286
563,data12-frame145.jpg,38,40,464,338,482,358
564,data12-frame68.jpg,41,38,403,296,424,314
565,data12-frame146.jpg,45,44,475,324,500,348
566,data12-frame23.jpg,35,36,659,253,674,269
567,data8-frame106.jpg,44,43,279,433,303,456
568,data8-frame72.jpg,35,36,638,155,653,171
569,data8-frame60.jpg,31,35,620,199,631,214
570,data8-frame4.jpg,30,32,669,48,679,60
571,data8-frame58.jpg,43,39,612,199,635,218
572,data8-frame40.jpg,42,42,570,387,592,409
573,data8-frame114.jpg,43,40,314,366,337,386
574,data8-frame100.jpg,48,41,351,443,379,464
575,data8-frame109.jpg,42,41,260,444,282,465
576,data8-frame73.jpg,41,49,637,141,658,170
577,data8-frame16.jpg,32,30,686,10,674,0
578,data8-frame144.jpg,32,36,536,182,548,198
579,data8-frame86.jpg,29,34,534,154,543,168
581,data8-frame63.jpg,39,38,623,210,642,228
582,data8-frame12.jpg,38,33,687,16,669,3
584,data8-frame147.jpg,39,37,545,180,564,197
585,data8-frame14.jpg,39,29,690,10,671,1
586,data8-frame152.jpg,34,38,580,195,594,213
587,data8-frame116.jpg,37,38,343,336,360,354
588,data8-frame2.jpg,37,37,668,64,685,81
589,data8-frame156.jpg,33,37,624,237,637,254
590,data8-frame162.jpg,33,35,648,281,661,296
591,data8-frame42.jpg,32,37,571,405,583,422
592,data8-frame135.jpg,43,46,501,242,524,268
593,data8-frame122.jpg,46,44,409,269,435,293
594,data8-frame9.jpg,37,34,671,9,688,23
595,data8-frame155.jpg,39,39,611,223,630,242
596,data8-frame164.jpg,37,37,646,284,663,301
598,data8-frame126.jpg,38,37,444,252,462,269
599,data8-frame99.jpg,39,40,365,417,384,437
600,data8-frame174.jpg,44,42,614,302,638,324
601,data8-frame64.jpg,43,43,624,212,647,235
602,data8-frame111.jpg,46,44,263,426,289,450
